50.00000784
50.50960886
57.05032323
63.33828963
69.26111064
66.76576407
56.70710087
68.30654407
65.91727353
66.65386287
56.90085386
67.42367865
51.79836713
67.76567679
64.01957805
64.69105168
56.00351636
50.99435447
68.16378755
51.95317195
50.80626762
51.70049589
61.17641947
68.52903495
51.51281548
68.23579216
51.83644353
62.75532861
67.04584171
52.42155413
69.89149007
65.56500699
50.39330044
53.39727304
69.89486636
65.07384972
54.35947528
63.18585149
60.78036789
59.6012674
66.78452879
50.50840411
69.78765893
61.71541391
65.34135825
58.896337
64.19010146
65.89052202
58.77402713
54.17506591
64.62224322
63.31462062
64.44148386
54.2294195
56.16503074
55.25977828
65.04591839
60.99589107
62.73447886
62.62020718
59.89568229
59.41390111
52.4502992
60.69793402
53.88314175
69.35810693
61.78460408
50.35246641
56.28685483
61.06606071
63.52566832
50.33766558
55.31311857
59.21760092
66.74900065
54.57906114
62.47030985
50.90913374
60.46444972
66.19367923
56.63569989
67.83856105
64.05630467
64.92065346
55.18144285
63.42599898
63.09948689
68.70890059
69.42515443
60.01904512
58.59601508
56.34231256
62.07368569
53.37417044
68.5291151
60.71130822
60.75581818
61.29741542
57.39433337
59.76182768
